

Instance: /TSP/berlin52.tsp
Method: GRASP
Sol: 2 17 30 21 0 48 31 44 18 40 7 8 9 42 32 50 10 51 13 12 46 25 26 27 11 24 3 5 14 4 23 47 37 36 39 38 35 34 33 43 45 15 28 49 19 22 29 1 6 41 20 16 
ofv: 7542.000000
Best time: 0.044
Total time:0.089 


Instance: /TSP/st70.tsp
Method: GRASP
Sol: 68 30 37 58 21 65 62 56 14 23 18 6 1 3 17 41 31 2 7 25 54 48 27 13 19 29 43 67 26 45 44 24 38 60 39 8 16 42 40 5 52 4 9 51 59 11 20 33 32 61 53 66 47 10 63 64 55 50 49 57 36 46 15 22 0 35 28 12 69 34 
ofv: 675.000000
Best time: 0.069
Total time:0.134 


Instance: /TSP/eil76.tsp
Method: GRASP
Sol: 71 38 8 31 43 2 15 62 32 72 0 61 21 63 41 42 40 55 22 48 23 17 49 24 54 30 9 37 64 65 10 58 13 52 34 6 7 18 53 12 56 14 4 36 19 69 59 70 68 35 46 20 60 27 73 1 29 47 28 44 26 51 33 45 66 25 75 74 3 67 5 50 16 39 11 57 
ofv: 538.000000
Best time: 1.395
Total time:1.395 


Instance: /TSP/pr76.tsp
Method: GRASP
Sol: 55 54 51 52 53 41 42 27 26 25 19 18 30 29 28 31 32 34 33 39 38 37 35 36 17 16 15 14 73 13 12 11 10 9 8 7 6 5 4 3 2 1 74 75 0 22 21 20 24 23 45 44 43 47 46 68 67 69 66 49 48 50 65 64 70 71 72 63 62 61 60 40 59 58 57 56 
ofv: 108159.000000
Best time: 0.105
Total time:0.140 


Instance: /TSP/kroA100.tsp
Method: GRASP
Sol: 14 16 58 73 20 71 9 83 35 98 37 23 17 78 52 87 15 93 21 69 65 25 64 3 96 55 79 30 88 41 7 91 74 18 89 48 5 62 0 46 92 27 66 57 60 50 86 24 80 68 63 39 53 1 43 49 72 67 84 81 94 12 75 32 36 4 51 77 95 38 29 47 99 40 70 13 2 42 45 28 33 82 54 6 8 56 19 11 26 85 34 61 59 76 22 97 90 44 31 10 
ofv: 21282.000000
Best time: 0.105
Total time:0.360 


Instance: /TSP/pr124.tsp
Method: GRASP
Sol: 57 59 60 58 35 34 28 27 26 6 7 0 1 2 3 4 5 31 30 29 33 32 61 65 64 66 82 83 81 80 62 63 67 68 69 70 71 72 73 74 75 76 77 78 79 91 92 93 94 95 96 97 98 99 123 122 121 120 119 118 117 116 115 114 100 90 84 85 86 89 101 102 113 112 111 110 109 108 107 106 105 104 103 88 87 52 51 45 46 47 48 49 50 14 13 12 11 10 9 8 15 16 17 18 44 53 43 42 41 40 19 20 39 38 22 21 24 23 25 37 36 54 55 56 
ofv: 59030.000000
Best time: 0.169
Total time:0.543 


Instance: /TSP/pr136.tsp
Method: GRASP
Sol: 14 8 25 24 20 13 9 2 10 11 3 12 21 33 22 23 32 35 43 42 48 59 58 54 47 44 45 34 46 55 67 56 57 66 69 77 76 87 93 92 88 81 78 79 68 80 89 101 90 91 100 103 112 113 102 114 123 132 124 125 133 126 122 115 111 110 127 121 104 116 120 134 128 109 108 117 119 129 135 130 131 118 106 107 105 98 95 94 99 86 82 70 75 74 83 85 96 97 84 72 73 71 64 62 63 51 38 39 50 52 61 60 65 53 49 36 41 40 37 30 28 29 17 4 5 0 6 16 18 27 26 7 1 15 19 31 
ofv: 96772.000000
Best time: 0.976
Total time:0.976 


Instance: /TSP/pr152.tsp
Method: GRASP
Sol: 128 121 122 127 126 150 149 151 125 124 123 115 114 95 90 77 91 94 93 92 76 73 75 49 48 47 74 72 50 46 33 35 34 0 15 1 36 32 31 14 2 30 29 28 13 3 37 27 26 12 4 25 24 23 11 5 38 22 21 10 6 19 20 18 9 7 8 16 17 39 40 59 60 61 62 63 58 57 41 42 56 64 65 66 67 55 54 43 44 53 68 69 45 51 52 71 70 78 96 97 98 89 79 113 112 99 88 80 100 101 102 87 81 111 110 103 86 82 104 105 106 85 83 84 107 108 109 116 139 138 140 141 142 137 136 117 118 135 134 143 144 145 133 132 119 120 131 130 146 147 148 129 
ofv: 73682.000000
Best time: 2.281
Total time:3.737 


Instance: /TSP/u159.tsp
Method: GRASP
Sol: 15 14 13 12 11 10 9 8 7 6 151 152 5 4 3 1 2 0 158 157 156 155 154 153 150 149 147 146 148 145 144 143 142 141 140 138 139 137 136 135 134 132 133 131 130 127 126 125 124 128 123 129 122 121 120 119 118 117 116 115 114 113 112 111 110 109 108 107 92 91 90 89 88 93 87 86 95 94 106 105 104 103 102 101 100 99 98 97 96 85 84 83 82 81 80 79 78 77 76 75 74 73 72 71 70 69 68 67 66 65 64 63 62 61 60 59 58 57 56 55 54 53 52 51 50 49 48 47 46 45 44 43 42 41 40 39 38 37 35 36 34 33 32 31 30 29 28 27 26 25 24 23 22 21 20 19 18 17 16 
ofv: 42080.000000
Best time: 1.356
Total time:2.360 


Instance: /TSP/d198.tsp
Method: GRASP
Sol: 166 167 181 182 180 176 175 172 173 174 177 179 183 184 178 193 194 197 196 195 186 185 192 191 190 187 188 189 170 171 165 164 163 162 150 149 144 145 148 151 161 160 159 152 147 146 141 142 140 139 133 131 130 129 132 134 135 143 136 128 127 126 169 125 124 168 123 137 158 157 156 155 154 153 138 122 119 118 117 116 115 120 121 114 103 102 101 100 92 93 94 95 89 88 96 97 87 82 69 66 59 54 43 55 58 67 71 72 83 86 98 99 85 84 70 68 57 56 41 42 40 12 11 10 9 8 7 4 3 2 5 6 1 0 39 13 14 15 16 17 18 19 20 23 24 25 26 21 22 28 29 27 33 32 35 36 31 30 37 44 53 60 65 73 81 74 61 52 45 51 64 80 75 76 77 63 49 50 46 38 34 47 48 62 78 79 90 91 104 113 112 111 105 106 110 109 108 107 
ofv: 15780.000000
Best time: 46.742
Total time:46.743 


Instance: /TSP/ts225.tsp
Method: GRASP
Sol: 223 222 221 220 98 99 199 198 197 196 195 74 174 173 172 73 72 71 70 69 68 169 168 167 166 165 44 45 46 47 48 171 170 49 149 148 147 146 145 24 23 22 21 20 19 18 17 16 15 140 141 142 143 144 43 42 41 40 39 38 37 139 138 137 136 135 14 13 12 11 10 9 8 7 130 6 5 4 3 2 1 0 125 126 127 128 129 26 25 150 151 152 153 154 50 175 176 51 52 53 54 55 56 159 158 157 156 155 31 30 29 28 27 131 132 133 134 32 33 34 35 36 160 161 162 163 164 62 61 60 59 58 57 180 181 182 183 184 81 80 79 78 77 76 177 178 179 75 200 201 202 203 204 100 101 102 103 104 105 106 107 108 109 209 208 207 206 205 82 83 84 85 86 189 188 187 186 185 63 64 65 66 67 190 191 192 193 194 93 94 95 96 97 218 217 216 215 92 91 90 89 88 87 210 211 212 213 214 110 111 112 113 114 115 116 117 219 118 119 120 121 122 123 124 224 
ofv: 126643.000000
Best time: 7.806
Total time:7.806 


Instance: /TSP/pr226.tsp
Method: GRASP
Sol: 86 40 39 38 37 41 42 46 45 44 43 36 35 34 33 29 28 30 31 32 47 48 27 26 25 24 23 22 21 20 49 50 51 52 53 54 55 56 57 58 59 60 61 62 63 19 18 17 64 65 69 68 67 66 16 15 14 13 9 8 10 11 12 70 71 7 6 5 4 3 2 1 0 72 73 74 75 76 77 78 79 80 81 82 83 84 85 110 102 104 103 111 112 113 105 106 114 115 107 108 116 117 109 135 134 133 132 130 128 126 127 125 118 119 120 121 122 123 129 131 124 225 224 223 222 221 220 219 218 217 216 215 214 213 212 211 210 209 208 207 206 205 204 203 202 201 200 199 198 197 196 195 194 193 192 191 190 189 188 187 186 185 184 183 182 181 180 179 178 177 176 175 174 173 172 171 170 169 168 167 166 165 164 163 162 161 160 159 158 157 156 155 154 153 152 151 150 146 148 147 149 142 141 140 139 138 144 145 137 136 143 93 101 100 92 91 99 98 90 89 97 96 87 88 95 94 
ofv: 80369.000000
Best time: 6.886
Total time:6.887 


Instance: /TSP/gil262.tsp
Method: GRASP
Sol: 218 232 175 135 225 31 77 200 66 50 133 158 146 244 126 39 23 16 258 174 54 46 167 65 102 112 79 193 196 41 9 237 130 213 56 202 10 240 234 81 156 248 61 236 176 68 249 162 223 63 124 192 100 252 113 147 25 229 8 152 12 166 88 247 120 105 188 149 57 182 35 219 64 205 82 216 169 1 194 26 260 172 227 52 123 256 136 17 29 53 203 197 72 206 165 95 111 212 7 189 122 117 2 115 125 214 103 73 140 24 245 159 6 163 139 171 185 80 3 114 144 99 20 137 208 253 233 32 71 184 18 78 261 190 4 132 11 48 210 89 60 129 128 220 204 30 70 228 0 138 201 230 67 141 231 69 98 243 107 154 75 153 86 187 257 33 94 181 27 155 259 34 238 143 191 183 217 118 93 150 85 148 246 87 49 90 76 211 106 239 116 97 13 142 173 195 47 127 44 186 92 45 160 178 199 62 215 179 151 207 250 198 43 21 119 22 235 110 251 254 91 177 209 40 109 59 157 108 19 226 28 96 131 104 84 221 164 36 5 242 15 83 134 145 121 222 42 224 255 55 241 37 38 101 14 51 168 180 170 58 161 74 
ofv: 2380.000000
Best time: 67.176
Total time:265.426 


Instance: /TSP/pr264.tsp
Method: GRASP
Sol: 190 191 135 134 194 193 192 204 203 257 256 259 258 202 199 200 201 197 196 195 198 132 133 129 130 131 87 86 84 83 1 2 3 4 5 81 82 85 88 89 90 79 80 6 7 8 9 10 11 77 78 91 92 93 94 95 96 75 76 12 13 14 15 16 17 73 74 97 98 99 100 101 102 71 72 18 19 20 21 22 23 69 70 103 104 105 106 107 108 67 68 24 25 26 27 28 29 65 66 109 110 111 112 113 114 63 64 30 31 32 33 34 35 61 62 115 116 117 128 118 119 120 59 60 36 37 38 0 39 40 41 42 58 43 44 45 46 47 48 56 57 121 122 123 124 125 126 54 55 49 50 51 52 53 127 149 153 152 151 150 230 229 228 233 231 232 235 234 227 226 156 155 154 148 157 158 159 225 160 161 147 146 145 144 164 163 162 224 223 237 236 263 239 238 222 221 167 166 165 143 142 170 169 168 220 219 241 240 243 242 218 217 173 172 171 141 140 174 175 176 215 216 244 245 246 247 213 214 177 178 179 139 138 180 181 182 211 212 248 249 250 251 209 210 183 184 185 137 136 186 187 188 207 208 252 253 262 261 260 254 255 205 206 189 
ofv: 49135.000000
Best time: 30.263
Total time:30.263 


Instance: /TSP/lin318.tsp
Method: GRASP
Sol: 156 150 147 145 146 143 142 139 138 241 240 239 238 231 230 312 229 232 237 242 236 233 228 225 226 227 234 235 245 246 251 250 252 255 261 262 267 266 263 260 256 253 313 249 258 254 257 259 264 265 314 268 164 165 170 169 280 277 276 273 271 272 279 278 283 284 290 289 285 282 281 286 288 295 293 287 291 292 294 191 192 198 199 204 311 310 306 305 301 300 302 298 299 307 308 309 304 303 297 296 275 274 270 269 317 248 247 244 243 223 222 213 214 218 217 212 221 224 118 117 220 219 216 215 211 210 108 109 113 112 107 116 124 127 132 137 131 128 123 120 121 122 129 130 141 140 208 144 37 38 34 33 136 135 134 133 126 125 207 119 13 12 115 114 111 110 106 105 3 4 8 7 2 0 1 5 6 9 10 14 102 20 21 28 29 30 31 32 27 22 19 11 18 23 26 15 16 17 24 25 35 36 41 40 42 45 51 52 57 56 53 50 46 43 103 39 315 316 48 44 47 49 54 55 58 104 61 62 69 68 73 74 80 72 75 79 85 78 76 71 63 66 67 70 77 81 82 83 84 90 91 95 96 100 101 92 97 98 88 89 87 86 195 196 93 94 99 206 205 201 200 197 202 203 194 193 190 184 180 177 185 179 178 173 174 167 166 168 176 181 183 188 189 187 186 182 175 172 171 64 65 60 59 163 209 160 159 154 152 153 149 148 151 155 158 161 162 157 
ofv: 42080.000000
Best time: 210.286
Total time:335.071 


Instance: /TSP/rd400.tsp
Method: GRASP
Sol: 260 224 286 314 113 391 365 64 83 380 339 40 342 70 152 126 184 251 87 243 262 235 154 356 210 283 76 198 233 394 53 399 288 347 277 86 311 186 242 355 388 330 199 173 24 162 28 196 368 94 52 397 189 307 158 84 358 155 191 179 203 209 318 82 49 393 295 151 304 17 232 181 216 364 398 337 192 148 90 334 7 127 43 37 238 54 167 108 39 245 111 263 379 96 218 73 139 187 266 171 133 363 69 80 240 93 234 332 60 323 176 143 197 77 207 276 321 350 373 291 324 301 85 371 282 182 45 137 149 293 170 104 32 193 302 333 309 354 247 317 169 217 26 125 130 375 42 11 320 62 296 175 220 261 124 30 241 9 188 145 372 392 15 360 206 2 115 389 313 194 386 329 92 134 265 352 51 13 140 259 279 254 4 211 72 381 280 225 227 79 336 376 387 222 249 268 27 377 36 74 219 230 290 369 142 98 103 110 385 269 81 325 105 273 19 367 165 370 146 289 351 132 248 160 44 255 168 3 200 8 0 202 274 272 55 136 299 338 156 91 357 366 21 256 65 214 226 56 178 95 102 107 353 359 298 384 138 1 121 264 208 271 331 131 10 99 362 244 223 58 31 361 253 61 328 344 59 147 292 109 343 326 157 306 129 310 250 275 396 319 67 395 100 349 112 141 22 190 123 47 252 46 122 205 34 270 71 322 278 153 183 35 118 378 345 229 212 341 48 57 135 5 150 287 97 239 23 305 88 267 204 66 16 185 316 163 172 12 18 383 297 41 390 117 195 106 159 63 6 340 315 68 75 29 20 14 300 25 327 166 116 281 201 213 284 215 335 128 119 246 221 114 303 38 294 33 285 346 177 308 237 50 164 231 89 257 236 120 374 78 348 180 144 174 228 258 312 161 382 101 
ofv: 15292.000000
Best time: 325.418
Total time:441.840 


Instance: /TSP/fl417.tsp
Method: GRASP
Sol: 302 320 344 343 342 301 300 299 319 298 297 339 327 340 341 328 329 32 34 36 39 59 71 102 361 360 359 379 358 357 399 387 400 401 388 389 402 403 404 380 362 381 405 406 407 390 382 363 391 364 365 392 366 367 201 225 202 226 204 228 230 206 227 203 205 229 207 208 232 210 231 209 233 211 235 212 234 236 214 238 240 216 237 213 215 239 217 219 241 218 242 220 244 246 222 243 221 245 223 247 224 248 408 393 409 410 394 395 411 412 413 414 415 416 396 397 398 250 274 252 276 254 278 256 280 258 282 260 284 262 286 264 288 266 290 268 292 270 294 296 272 295 271 293 269 291 267 289 265 287 263 285 261 283 259 281 257 279 255 277 253 275 251 273 249 378 377 376 375 374 386 385 373 384 372 371 370 383 369 368 103 101 104 93 89 88 92 61 64 68 72 76 86 81 82 77 90 94 83 87 95 96 65 69 62 66 63 73 84 78 85 79 74 70 80 91 99 97 100 98 75 67 60 58 57 55 52 38 41 44 43 46 45 48 50 51 56 54 53 49 47 42 40 37 35 33 154 178 156 180 158 182 160 184 162 186 164 188 166 190 168 192 170 194 172 196 174 198 200 176 199 175 197 173 195 171 193 169 191 167 189 165 187 163 185 161 183 159 181 157 179 155 177 153 318 317 338 316 315 337 314 326 336 356 355 354 325 313 324 353 352 351 312 311 310 335 334 350 349 333 323 309 308 348 0 7 21 24 31 23 25 17 18 9 15 6 4 5 20 30 27 19 12 26 16 11 3 1 2 8 10 14 13 29 28 22 152 128 151 127 149 125 123 147 126 150 148 124 146 122 145 121 119 143 120 144 142 140 118 141 117 139 115 137 116 138 114 136 134 112 135 113 111 133 109 131 110 132 108 130 106 129 107 105 307 306 332 305 304 331 303 322 330 347 346 345 321 
ofv: 11861.000000
Best time: 88.605
Total time:88.605 


Instance: /TSP/pr439.tsp
Method: GRASP
Sol: 173 203 174 175 176 177 178 179 180 181 182 191 192 193 194 195 196 197 198 199 200 201 202 204 205 206 207 208 252 250 249 209 210 211 212 213 214 215 216 217 218 219 220 221 222 223 232 233 234 235 236 237 238 239 240 241 242 243 244 245 246 247 248 251 254 253 315 255 256 257 258 259 260 261 262 263 306 307 308 309 310 311 312 313 314 316 317 318 319 320 321 322 323 324 325 326 327 328 330 331 329 302 301 303 304 305 264 265 266 267 268 269 270 271 300 272 273 274 275 276 277 278 293 294 295 296 297 298 299 332 333 334 335 336 337 338 359 369 360 361 362 363 364 365 366 367 368 377 384 385 386 387 400 399 401 403 404 416 417 427 428 430 415 414 418 419 420 413 405 406 412 411 422 421 431 432 429 426 423 425 424 409 410 408 407 402 433 437 436 435 434 438 283 343 342 341 340 372 370 371 382 381 383 393 394 392 396 395 397 398 391 390 380 374 373 379 389 388 378 376 375 344 345 347 346 348 349 350 352 351 353 354 355 357 356 358 292 291 290 289 288 287 339 286 285 284 279 231 230 224 188 187 186 229 280 281 228 282 227 226 225 185 148 84 83 82 52 53 54 55 81 80 79 78 37 38 39 40 42 41 43 44 45 48 46 47 49 50 51 1 2 0 3 4 5 6 7 8 9 10 11 12 13 14 15 16 32 33 34 35 36 56 57 77 85 86 76 58 59 60 75 74 61 31 30 29 27 25 26 28 62 72 73 63 24 22 20 21 23 64 65 66 19 18 17 67 68 69 70 71 87 88 89 90 103 104 105 106 107 108 109 110 111 145 143 146 147 144 184 189 190 183 149 150 152 153 154 155 156 157 158 159 160 161 162 133 134 135 136 137 138 139 140 141 151 142 112 113 115 117 118 120 121 100 119 116 114 102 101 91 92 93 99 94 95 96 97 98 124 122 123 125 126 128 127 129 130 131 132 166 164 163 165 168 167 169 170 171 172 
ofv: 107347.000000
Best time: 424.259
Total time:511.010 


Instance: /TSP/d493.tsp
Method: GRASP
Sol: 319 315 306 314 301 287 274 269 273 264 263 250 262 249 261 260 248 247 259 258 246 245 257 256 255 241 242 243 244 237 232 226 227 228 233 222 210 205 207 211 216 212 218 220 219 231 236 251 252 253 238 225 213 177 195 182 176 164 157 156 150 142 108 102 103 110 117 123 140 152 163 167 186 190 191 187 192 194 198 204 199 203 206 202 201 183 168 171 181 196 197 178 184 188 185 193 179 173 175 200 189 180 174 170 172 169 162 160 154 148 138 127 121 120 125 124 128 131 144 151 153 158 159 161 166 165 155 145 146 147 149 143 141 139 137 129 133 132 130 134 136 135 126 122 119 114 113 109 101 104 107 111 112 118 116 106 105 98 96 97 100 99 94 92 91 93 90 88 87 89 74 75 76 78 95 81 82 79 80 77 73 72 70 71 69 67 68 66 65 19 60 61 62 83 84 85 115 86 63 59 58 57 64 54 53 55 56 52 12 13 14 15 16 17 18 11 7 6 10 9 8 5 4 3 1 0 2 51 50 47 48 49 43 42 45 46 44 41 40 21 22 23 32 33 34 35 37 36 39 38 31 30 29 28 27 26 25 398 391 384 422 421 428 24 456 461 463 465 462 460 457 442 430 396 410 389 370 369 368 397 390 381 333 341 344 325 296 275 271 267 254 297 276 304 300 268 265 234 223 20 209 224 239 215 208 221 229 235 214 217 230 240 266 270 272 277 298 303 317 329 342 336 322 309 316 324 340 351 357 348 349 356 363 376 367 380 388 395 408 423 431 424 399 382 392 385 377 373 364 352 359 345 337 332 320 326 313 305 288 278 279 289 308 290 280 291 292 281 282 293 283 284 285 286 299 310 318 302 307 295 294 311 312 321 328 358 374 355 339 343 330 323 335 350 362 354 366 375 379 387 409 419 401 386 402 418 417 403 404 416 415 414 405 406 413 407 412 411 433 434 435 436 448 447 446 445 444 432 443 458 459 464 466 467 468 469 470 471 472 480 482 449 450 437 438 451 439 440 452 453 454 441 455 485 479 477 476 473 474 475 478 481 487 486 484 483 492 491 490 361 334 371 347 394 427 426 489 488 429 425 420 400 383 393 378 372 360 365 353 346 338 331 327 
ofv: 35095.000000
Best time: 441.513
Total time:635.447 


Instance: /TSP/rat575.tsp
Method: GRASP
Sol: 424 423 422 419 420 421 398 397 396 395 418 417 440 441 464 463 485 487 488 511 510 486 509 508 507 506 484 483 460 461 462 439 438 437 414 416 415 391 368 392 393 369 370 371 394 372 373 374 375 376 399 400 401 402 403 404 381 383 384 385 362 361 360 359 382 358 380 379 378 377 353 352 351 350 349 326 325 348 347 346 345 322 323 324 299 300 301 302 303 304 327 328 329 306 284 283 305 282 280 281 256 279 278 277 276 254 253 255 233 234 257 258 259 260 261 285 262 263 239 238 237 236 235 212 213 214 215 216 194 193 192 191 190 189 188 187 186 211 210 209 232 231 230 207 208 185 184 161 139 162 163 164 165 166 144 167 168 169 170 171 172 149 148 126 147 146 145 121 123 122 98 97 74 96 95 118 119 120 143 142 141 140 117 138 115 116 94 93 92 70 69 46 47 48 71 72 73 50 49 51 28 27 26 25 24 23 0 1 2 3 4 5 6 29 7 8 9 10 33 32 31 30 52 53 54 55 56 79 78 77 76 75 99 100 124 125 102 101 103 80 81 82 83 84 85 86 109 87 88 89 65 64 63 62 61 60 59 37 36 35 58 57 34 12 11 13 14 38 39 15 16 17 40 41 18 42 19 20 21 22 45 44 43 66 67 68 91 114 137 113 90 112 111 110 133 132 154 131 130 107 108 106 105 104 128 129 127 150 151 152 153 177 155 156 179 178 202 201 200 176 175 174 173 195 196 220 197 198 199 221 223 222 245 246 247 248 224 225 226 227 204 203 180 181 158 157 134 135 136 160 159 182 183 206 205 228 229 252 251 250 249 271 270 269 272 273 274 275 298 321 320 297 296 295 294 293 317 316 315 314 313 290 292 291 268 267 266 244 243 242 219 218 217 240 241 264 265 289 288 287 286 310 309 308 307 330 331 332 354 355 356 357 333 334 311 312 335 336 337 338 339 340 363 364 365 341 342 318 319 343 344 367 366 389 390 412 388 411 410 387 409 386 408 407 406 405 428 427 429 430 431 432 433 434 435 413 436 459 458 457 481 482 504 480 479 502 501 500 499 477 478 456 455 454 453 476 475 452 451 474 473 496 497 498 520 521 522 523 524 525 503 505 528 527 526 548 549 550 551 574 573 572 571 570 569 568 546 547 545 567 544 566 565 563 564 541 542 543 519 518 495 494 517 540 516 539 562 538 561 560 559 558 557 555 554 553 552 529 530 531 532 533 556 534 535 512 536 537 514 513 491 515 492 493 469 468 490 489 465 466 442 443 444 467 445 446 447 470 471 472 450 449 448 426 425 
ofv: 6823.000000
Best time: 752.670
Total time:833.822 


Instance: /THLP/CAB20_3_02.txt
Method: GRASP
Sol: 3 11 16 7 2 8 17 5 19 4 10 15 12 13 1 18 14 0 9 6 3 16 3 16 3 16 3 3 3 3 16 16 11 3 3 3 3 0 1 2 
ofv: 4170.149331
Best time: 0.108
Total time:0.108 


Instance: /THLP/CAB20_3_05.txt
Method: GRASP
Sol: 16 11 3 2 13 9 12 17 7 6 15 14 4 10 8 1 18 19 5 0 16 16 3 3 16 3 3 3 3 3 3 3 16 11 16 3 3 2 1 0 
ofv: 5234.939466
Best time: 0.088
Total time:0.088 


Instance: /THLP/CAB20_3_08.txt
Method: GRASP
Sol: 7 3 16 8 12 10 9 0 4 5 11 13 6 15 1 14 18 17 19 2 3 3 3 3 3 3 3 7 16 3 3 16 3 7 16 16 16 2 0 1 
ofv: 6279.350578
Best time: 0.984
Total time:0.984 


Instance: /THLP/CAB20_5_02.txt
Method: GRASP
Sol: 11 13 16 6 3 0 7 9 10 5 14 15 2 1 18 17 12 4 19 8 3 6 6 3 3 3 6 16 16 11 16 6 3 16 3 8 9 4 2 6 5 7 3 1 0 
ofv: 2808.683987
Best time: 0.142
Total time:0.142 


Instance: /THLP/CAB20_5_05.txt
Method: GRASP
Sol: 13 3 6 16 11 18 10 19 15 2 4 9 7 8 0 17 14 12 1 5 11 3 16 6 16 3 6 3 3 3 16 3 3 16 3 5 6 4 9 2 0 8 7 3 1 
ofv: 4384.309080
Best time: 0.777
Total time:0.777 


Instance: /THLP/CAB20_5_08.txt
Method: GRASP
Sol: 3 5 16 10 11 4 15 8 14 9 0 7 13 2 19 6 18 17 1 12 5 10 5 3 10 5 10 16 16 5 10 11 16 16 10 0 2 5 4 9 6 7 1 3 8 
ofv: 5663.540901
Best time: 2.408
Total time:2.408 


Instance: /THLP/CAB20_8_02.txt
Method: GRASP
Sol: 3 16 6 13 0 7 11 5 19 12 17 2 14 4 15 1 18 10 8 9 5 0 16 16 3 5 6 16 11 3 5 6 8 24 25 1 6 4 12 26 15 5 13 0 14 27 23 19 22 2 18 21 20 10 9 11 16 7 17 3 
ofv: 2057.028423
Best time: 1.735
Total time:1.735 


Instance: /THLP/CAB20_8_05.txt
Method: GRASP
Sol: 13 5 3 6 16 10 11 7 12 9 19 18 2 0 1 4 15 17 8 14 10 6 5 11 16 5 16 5 6 16 5 3 15 3 9 19 26 27 7 0 6 24 13 12 23 2 17 14 16 25 22 1 18 11 4 10 5 20 21 8 
ofv: 3700.179852
Best time: 6.734
Total time:10.298 


Instance: /THLP/CAB20_8_08.txt
Method: GRASP
Sol: 10 13 6 7 16 11 3 5 4 15 19 0 1 2 17 12 18 14 9 8 5 6 5 5 16 16 16 10 7 3 6 5 24 19 27 9 2 5 1 12 20 8 25 11 10 18 14 0 17 6 21 3 23 7 13 22 4 16 15 26 
ofv: 5269.275543
Best time: 8.714
Total time:20.042 


Instance: /THLP/CAB25_3_02.txt
Method: GRASP
Sol: 3 11 16 21 5 20 24 7 22 6 15 17 1 8 12 23 13 9 4 19 10 14 2 0 18 11 3 3 16 3 11 3 3 16 16 3 3 3 16 3 3 16 3 3 16 3 11 0 1 2 
ofv: 6554.649532
Best time: 0.283
Total time:0.283 


Instance: /THLP/CAB25_3_05.txt
Method: GRASP
Sol: 17 11 3 15 19 16 9 4 8 21 0 7 10 1 6 2 18 5 14 23 20 22 13 24 12 3 17 17 3 3 3 11 3 3 3 17 3 17 11 3 3 17 3 11 17 17 3 2 1 0 
ofv: 8274.004686
Best time: 0.129
Total time:0.129 


Instance: /THLP/CAB25_3_08.txt
Method: GRASP
Sol: 11 3 1 21 22 7 13 15 5 24 6 16 19 4 0 14 8 17 9 10 12 2 23 18 20 11 11 3 1 3 1 1 3 1 1 3 1 3 3 1 3 3 3 1 1 11 3 2 0 1 
ofv: 9923.900207
Best time: 0.409
Total time:0.409 


Instance: /THLP/CAB25_5_02.txt
Method: GRASP
Sol: 16 13 6 11 3 2 7 5 17 18 23 0 19 12 9 24 15 20 8 4 1 14 22 10 21 16 6 3 16 11 13 3 16 3 6 16 6 3 3 3 16 3 11 3 11 3 0 9 8 7 2 4 6 1 5 
ofv: 4791.052432
Best time: 1.076
Total time:1.076 


Instance: /THLP/CAB25_5_05.txt
Method: GRASP
Sol: 10 16 13 3 11 20 23 14 2 15 4 9 5 21 7 0 18 1 12 22 24 6 8 19 17 3 13 3 16 10 3 10 3 11 10 3 11 16 10 11 16 10 3 16 16 5 4 2 3 1 7 0 9 6 8 
ofv: 7190.739067
Best time: 3.038
Total time:3.038 


Instance: /THLP/CAB25_5_08.txt
Method: GRASP
Sol: 10 11 3 16 19 21 17 20 23 6 22 15 0 1 8 13 12 24 4 18 2 14 7 5 9 11 16 3 19 10 11 10 19 19 19 19 3 19 19 11 16 3 10 19 10 9 0 1 8 2 3 4 6 5 7 
ofv: 9173.349882
Best time: 1.258
Total time:1.258 


Instance: /THLP/CAB25_8_02.txt
Method: GRASP
Sol: 16 6 5 13 3 21 11 7 24 19 10 14 8 0 12 23 4 2 1 17 15 20 22 18 9 16 5 3 3 5 5 3 13 5 16 16 16 6 3 21 11 6 14 1 24 27 23 25 6 4 9 13 18 20 19 11 8 15 21 22 5 10 2 17 7 3 0 26 16 12 
ofv: 3752.853912
Best time: 13.974
Total time:13.974 


Instance: /THLP/CAB25_8_05.txt
Method: GRASP
Sol: 11 16 21 19 3 6 13 7 1 12 0 17 5 10 18 14 15 20 9 23 2 22 8 4 24 19 3 19 16 19 3 11 3 6 3 6 13 16 21 19 19 19 18 8 6 22 20 1 24 3 10 16 27 15 0 21 2 26 17 7 23 12 9 14 11 19 5 4 13 25 
ofv: 6264.086171
Best time: 14.407
Total time:25.072 


Instance: /THLP/CAB25_8_08.txt
Method: GRASP
Sol: 6 5 13 10 11 1 3 16 17 7 18 0 15 20 22 9 24 12 19 23 4 21 2 8 14 1 10 11 5 6 3 11 6 1 3 5 13 5 11 16 5 3 11 15 18 26 20 10 2 23 19 25 16 5 9 3 13 6 4 8 17 22 0 14 1 7 21 24 27 12 
ofv: 8674.684243
Best time: 5.660
Total time:25.052 


Instance: /THLP/AP20_3_02.txt
Method: GRASP
Sol: 5 11 13 12 3 16 17 4 7 14 0 9 18 6 19 10 1 15 8 2 13 11 13 13 5 11 13 5 13 13 5 13 13 5 11 13 5 2 1 0 
ofv: 58761.184024
Best time: 0.455
Total time:0.455 


Instance: /THLP/AP20_3_05.txt
Method: GRASP
Sol: 15 13 5 18 8 11 7 9 4 10 0 12 2 3 1 14 19 16 6 17 13 13 15 15 13 5 13 5 13 5 5 5 13 13 13 5 13 2 0 1 
ofv: 69515.953022
Best time: 0.331
Total time:0.331 


Instance: /THLP/AP20_3_08.txt
Method: GRASP
Sol: 9 5 13 12 4 17 3 0 15 8 19 18 7 16 14 6 2 11 1 10 13 9 13 9 5 13 13 13 13 9 13 13 9 5 9 5 9 0 1 2 
ofv: 78177.625239
Best time: 0.879
Total time:0.879 


Instance: /THLP/AP20_5_02.txt
Method: GRASP
Sol: 3 15 1 5 13 11 18 12 16 19 8 17 0 4 9 7 14 2 6 10 15 13 13 13 13 13 13 1 5 13 15 13 5 5 15 9 7 6 2 0 1 5 8 3 4 
ofv: 46480.364079
Best time: 5.517
Total time:5.517 


Instance: /THLP/AP20_5_05.txt
Method: GRASP
Sol: 1 3 15 13 5 0 8 19 6 18 10 16 12 17 4 7 11 9 14 2 1 13 13 5 13 13 13 13 13 5 15 15 13 13 5 7 3 9 6 4 1 0 5 8 2 
ofv: 61061.407905
Best time: 3.317
Total time:7.300 


Instance: /THLP/AP20_5_08.txt
Method: GRASP
Sol: 9 1 15 5 13 16 18 14 0 2 4 11 19 6 8 12 3 10 7 17 13 13 13 5 5 9 15 13 9 13 13 9 9 9 13 3 8 2 5 0 4 6 7 1 9 
ofv: 73592.967710
Best time: 3.889
Total time:3.889 


Instance: /THLP/AP20_8_02.txt
Method: GRASP
Sol: 9 13 14 11 5 12 1 3 10 6 7 15 19 0 2 16 8 18 17 4 9 5 11 11 14 1 5 12 12 13 13 5 23 6 1 13 3 7 10 19 22 26 8 2 0 20 11 4 21 27 9 25 24 15 12 16 5 18 14 17 
ofv: 35296.985641
Best time: 0.883
Total time:0.883 


Instance: /THLP/AP20_8_05.txt
Method: GRASP
Sol: 14 15 9 3 13 1 5 12 4 10 19 16 8 2 6 7 0 11 18 17 5 9 14 12 12 5 9 15 1 15 13 13 0 16 1 13 25 24 3 18 2 9 6 10 14 11 17 5 21 8 12 20 7 27 19 4 23 22 26 15 
ofv: 52294.284172
Best time: 1.500
Total time:1.500 


Instance: /THLP/AP20_8_08.txt
Method: GRASP
Sol: 1 13 3 9 5 14 12 15 2 8 7 16 10 18 0 11 4 17 19 6 5 12 9 12 9 13 5 15 9 13 14 9 11 10 19 18 26 3 6 4 13 12 20 8 14 22 15 21 1 16 25 17 5 0 27 24 7 23 9 2 
ofv: 68272.782509
Best time: 4.607
Total time:4.607 


Instance: /THLP/AP25_3_02.txt
Method: GRASP
Sol: 1 7 17 2 19 24 14 5 11 22 0 8 20 23 6 13 15 18 12 3 16 4 10 21 9 1 17 17 17 7 17 17 1 7 17 17 7 7 17 17 7 7 17 7 17 17 7 2 0 1 
ofv: 60602.293799
Best time: 2.169
Total time:2.169 


Instance: /THLP/AP25_3_05.txt
Method: GRASP
Sol: 7 17 1 11 8 18 3 20 4 14 12 24 21 22 5 23 6 0 16 15 9 2 13 19 10 17 7 17 7 17 7 17 7 17 17 17 7 17 7 1 17 17 7 1 17 17 17 0 1 2 
ofv: 70130.921387
Best time: 3.438
Total time:3.438 


Instance: /THLP/AP25_3_08.txt
Method: GRASP
Sol: 1 7 17 22 13 23 5 24 15 6 10 14 19 16 18 3 2 4 21 20 0 12 8 9 11 17 17 17 7 17 17 7 17 17 17 17 17 7 1 7 17 17 1 7 7 17 17 2 0 1 
ofv: 79442.482779
Best time: 4.282
Total time:4.282 


Instance: /THLP/AP25_5_02.txt
Method: GRASP
Sol: 19 1 7 17 16 4 12 0 9 13 3 5 2 11 21 18 22 23 15 24 20 10 6 14 8 7 7 1 19 19 7 7 1 16 16 17 17 17 16 17 16 16 7 19 7 4 7 5 2 9 8 0 3 6 1 
ofv: 47432.696534
Best time: 1.068
Total time:1.068 


Instance: /THLP/AP25_5_05.txt
Method: GRASP
Sol: 16 7 1 17 19 12 18 4 15 13 23 2 11 6 21 24 14 0 5 9 10 3 8 22 20 7 17 7 16 17 17 1 16 7 16 17 19 1 16 19 16 7 7 17 16 4 9 5 2 0 3 8 7 1 6 
ofv: 61046.700464
Best time: 2.933
Total time:2.933 


Instance: /THLP/AP25_5_08.txt
Method: GRASP
Sol: 7 17 16 1 12 2 21 14 13 22 11 19 0 4 15 10 6 20 24 9 23 18 3 5 8 1 16 12 12 17 16 17 1 7 16 16 7 16 17 12 17 17 7 16 7 3 2 6 4 0 1 9 7 5 8 
ofv: 73569.910193
Best time: 4.852
Total time:4.852 


Instance: /THLP/AP25_8_02.txt
Method: GRASP
Sol: 3 19 17 16 7 4 10 1 2 22 0 12 15 20 24 5 8 18 9 14 6 21 23 13 11 1 17 1 7 16 10 17 10 7 17 19 19 7 16 17 19 16 14 13 24 3 4 7 20 8 5 10 18 11 12 23 6 27 2 21 26 25 19 1 15 0 16 17 22 9 
ofv: 37295.685343
Best time: 16.651
Total time:20.069 


Instance: /THLP/AP25_8_05.txt
Method: GRASP
Sol: 17 7 10 16 19 12 4 1 0 18 3 8 13 2 14 22 5 23 9 21 6 20 11 24 15 1 17 7 7 12 1 19 17 10 17 12 16 7 16 16 17 16 2 11 4 10 13 3 12 20 19 22 21 16 18 0 17 15 27 23 9 24 7 25 6 5 14 26 1 8 
ofv: 54043.743323
Best time: 8.650
Total time:8.650 


Instance: /THLP/AP25_8_08.txt
Method: GRASP
Sol: 7 18 1 3 17 19 12 16 14 23 15 21 5 2 9 22 6 10 4 24 11 8 20 0 13 19 17 16 16 16 1 12 17 7 16 3 18 16 7 16 1 12 5 1 2 10 24 11 8 9 3 22 23 17 6 20 7 18 13 21 26 12 0 25 4 19 14 15 16 27 
ofv: 69429.769777
Best time: 10.932
Total time:25.028 


Instance: /STCP/data.81
Method: GRASP
Sol: 1 1 1 1 1 1 1 1 1 1 0 1 1 0 1 0 1 0 1 1 0 1 1 0 0 0 1 1 1 1 1 0 1 1 1 1 0 0 1 1 1 1 0 0 1 1 1 1 0 1 1 1 1 1 1 1 0 1 1 1 1 1 1 0 1 1 1 1 1 1 1 1 1 1 1 0 1 0 0 1 0 
ofv: 61.000000
Best time: 0.075
Total time:0.158 


Instance: /STCP/data.135
Method: GRASP
Sol: 0 0 1 0 1 1 1 1 1 1 1 0 1 0 1 1 1 1 1 1 1 1 1 0 1 0 1 0 0 0 1 1 1 1 1 1 0 0 1 1 1 1 1 1 1 0 1 1 1 0 1 1 1 1 0 0 1 1 1 1 1 1 0 1 0 0 1 1 1 1 1 1 1 1 1 1 1 1 0 1 0 1 1 1 0 1 0 1 1 1 1 0 1 1 1 1 1 1 1 1 1 1 1 1 1 1 0 1 1 1 0 1 1 1 1 1 1 0 1 1 0 1 1 0 1 1 1 1 0 1 1 1 1 1 0 
ofv: 104.000000
Best time: 5.945
Total time:135.651 


Instance: /STCP/data.243
Method: GRASP
Sol: 1 1 1 1 1 1 0 1 1 0 1 0 1 0 0 1 1 1 1 1 1 1 1 1 1 0 1 1 1 1 1 1 1 1 1 1 1 1 1 0 1 1 0 1 0 1 1 1 1 1 1 1 1 1 1 1 1 0 0 1 1 0 1 1 1 1 1 1 1 1 1 1 1 0 1 1 1 0 1 1 0 1 1 1 1 0 1 1 1 1 1 1 1 1 1 1 0 1 1 1 1 1 1 1 1 1 0 1 0 1 1 0 1 1 1 1 0 1 0 0 1 1 0 1 1 1 1 1 1 1 1 1 1 1 1 1 0 0 1 1 1 0 1 1 0 1 1 1 1 1 1 0 0 1 1 1 1 1 1 1 1 1 1 1 1 1 0 1 1 0 1 0 1 1 1 1 0 1 1 1 1 0 0 1 1 1 1 1 1 0 1 0 0 1 1 1 1 0 1 1 1 1 1 1 0 1 1 1 1 1 1 1 0 1 1 1 1 0 1 1 1 1 1 1 1 1 1 1 1 0 1 1 1 1 1 1 1 0 1 1 1 1 1 
ofv: 198.000000
Best time: 50.038
Total time:50.038 


Instance: /STCP/data.405
Method: GRASP
Sol: 1 1 1 1 1 1 0 0 1 1 0 1 1 1 1 1 1 1 1 1 1 1 1 0 1 1 0 1 1 1 1 1 1 1 1 1 0 1 0 1 1 1 1 0 1 1 1 1 1 1 0 1 1 1 1 1 1 0 1 1 1 1 0 1 1 1 1 1 1 1 1 1 1 1 0 1 1 0 1 1 1 1 1 1 0 1 1 1 1 1 1 1 1 1 1 1 1 1 1 0 1 1 0 1 1 1 0 1 1 1 1 1 0 1 1 1 1 1 1 1 1 0 1 0 1 1 1 1 1 0 1 1 1 1 1 1 1 1 1 1 1 1 1 0 1 1 1 1 1 1 1 1 1 1 0 1 1 1 1 0 1 0 1 1 1 1 1 1 1 1 1 1 1 1 1 1 1 0 0 1 1 1 0 1 1 1 1 1 1 1 0 1 1 1 1 0 1 1 1 1 0 1 1 1 1 1 0 1 1 1 1 1 1 1 1 1 1 1 1 1 0 1 1 1 1 1 0 1 1 1 1 1 1 0 1 1 1 1 1 1 0 1 1 1 1 0 1 1 1 0 1 1 1 0 1 1 1 1 1 1 0 1 0 1 1 1 1 1 1 1 0 1 1 1 1 0 1 1 1 1 1 1 1 0 1 1 1 1 1 1 1 1 0 1 1 0 1 1 0 0 1 1 0 1 1 1 1 0 1 1 1 1 1 1 0 1 1 1 1 0 1 1 1 1 1 1 1 1 1 1 1 1 1 1 0 1 1 1 1 0 0 1 1 1 1 1 0 1 0 1 1 1 1 1 1 1 1 0 1 1 1 1 1 1 1 0 1 1 1 1 1 1 1 1 1 1 1 1 0 1 0 1 1 1 1 1 1 1 1 1 1 1 1 1 1 1 0 1 0 1 1 1 1 1 0 
ofv: 341.000000
Best time: 206.283
Total time:438.616 


Instance: /STCP/data.729
Method: GRASP
Sol: 1 1 1 1 1 1 1 0 1 1 1 1 1 1 1 1 1 1 1 1 1 1 1 0 1 1 1 1 1 1 1 1 1 1 0 1 0 1 1 1 1 1 0 0 1 1 0 1 1 1 1 1 1 1 1 1 1 1 1 1 1 1 1 1 1 1 1 1 0 0 0 1 1 1 1 1 1 1 1 1 1 1 1 1 1 1 1 1 1 1 1 1 1 1 1 1 1 1 1 1 1 1 1 1 1 0 1 0 1 1 1 1 1 1 1 0 1 1 1 1 1 1 1 1 1 1 1 1 1 1 1 1 1 1 0 1 1 1 1 1 1 1 1 1 1 1 1 1 1 1 1 1 1 1 0 1 1 1 1 1 1 1 1 1 1 1 1 1 1 1 1 1 1 1 1 1 1 1 1 1 1 1 1 0 0 1 1 1 1 1 1 1 1 1 1 1 1 1 0 1 0 1 1 1 1 1 1 1 1 1 1 1 1 1 1 1 1 1 1 1 1 1 1 1 1 1 0 1 1 0 1 1 1 1 1 0 1 1 1 1 0 1 0 0 1 1 1 1 1 1 0 1 1 1 1 1 1 1 1 1 1 1 0 1 1 1 0 1 1 1 0 1 1 1 1 1 1 1 1 1 1 1 1 1 1 0 1 1 1 0 1 1 1 1 1 0 1 1 1 1 1 1 1 0 0 1 1 1 1 1 1 1 1 1 1 1 1 1 1 1 1 1 1 1 1 1 1 1 0 1 1 1 0 0 0 1 1 1 1 1 1 1 1 1 1 1 1 1 1 1 1 1 1 1 1 1 1 1 1 1 1 1 1 1 1 1 0 1 1 1 1 1 1 1 1 1 1 1 1 1 1 1 0 1 1 1 1 1 1 1 1 1 1 1 1 1 1 1 1 1 0 1 1 1 1 1 1 1 1 1 0 1 1 1 1 1 1 1 1 1 0 1 1 1 1 1 1 1 1 1 1 1 1 1 1 0 0 1 1 1 1 1 1 0 1 0 0 1 1 1 0 1 1 1 1 1 1 1 1 0 1 1 1 1 1 1 0 1 0 1 1 1 1 1 1 1 1 1 0 1 1 1 1 1 1 1 1 1 0 0 1 1 1 1 1 1 1 1 0 1 1 1 1 1 0 0 1 1 0 1 1 1 1 1 1 1 1 1 1 1 1 1 1 1 1 1 1 1 1 1 1 1 1 0 1 1 1 0 1 1 1 1 1 0 1 1 0 1 0 1 1 1 0 1 0 0 1 0 1 1 1 1 1 1 1 1 1 1 1 1 1 1 1 1 1 0 1 1 1 1 1 1 1 1 1 1 1 1 1 1 1 1 1 1 1 1 1 1 0 1 1 1 0 1 1 1 1 1 1 1 1 1 1 1 1 1 1 1 1 0 1 1 1 1 1 1 1 1 1 1 1 1 0 1 1 1 1 1 1 1 1 1 1 1 1 1 1 1 1 1 1 0 1 1 1 1 1 1 1 1 1 1 0 1 1 1 1 1 1 1 1 1 0 1 1 1 1 0 0 0 1 1 1 1 0 1 1 1 1 1 1 1 1 0 1 1 1 0 0 1 1 1 0 1 1 1 1 1 1 1 0 1 0 1 1 1 1 1 1 1 0 1 1 1 1 1 1 1 1 
ofv: 642.000000
Best time: 1036.949
Total time:1036.951 


Instance: /HMP/20_5_270001
Method: GRASP
Sol: 13 3 14 12 16 7 4 9 10 19 5 11 1 6 0 15 8 18 2 17 3 
ofv: 540.000000
Best time: 0.030
Total time:0.030 


Instance: /HMP/20_5_270002
Method: GRASP
Sol: 9 17 6 7 11 12 13 4 8 16 14 19 2 1 0 15 3 18 10 5 3 
ofv: 54.000000
Best time: 0.009
Total time:0.011 


Instance: /HMP/20_5_270003
Method: GRASP
Sol: 16 15 1 17 12 18 3 8 2 14 13 19 9 7 4 6 11 10 0 5 3 
ofv: 816.000000
Best time: 0.009
Total time:0.011 


Instance: /HMP/20_5_270004
Method: GRASP
Sol: 5 11 1 8 3 0 16 10 6 15 9 19 7 4 14 17 13 18 2 12 3 
ofv: 126.000000
Best time: 0.011
Total time:0.013 


Instance: /HMP/20_5_270005
Method: GRASP
Sol: 4 5 6 16 0 9 10 15 11 18 2 3 7 17 8 12 13 14 1 19 3 
ofv: 372.000000
Best time: 0.008
Total time:0.011 


Instance: /HMP/40_15_270001
Method: GRASP
Sol: 38 1 25 5 27 15 13 9 17 18 23 32 36 10 20 4 7 37 12 35 0 24 30 6 28 33 21 39 11 31 22 16 29 8 19 26 14 2 3 34 13 
ofv: 8646.000000
Best time: 0.277
Total time:0.277 


Instance: /HMP/40_15_270002
Method: GRASP
Sol: 25 3 13 18 15 12 36 26 27 30 32 22 21 34 16 7 0 35 39 20 24 31 8 11 1 37 4 28 33 38 23 9 6 19 29 5 2 17 10 14 13 
ofv: 4586.000000
Best time: 0.485
Total time:40.010 


Instance: /HMP/40_15_270003
Method: GRASP
Sol: 15 34 37 8 5 24 35 4 21 6 32 23 1 17 22 7 14 10 26 16 12 33 20 2 25 28 36 13 11 9 27 30 39 3 38 0 31 29 18 19 13 
ofv: 5396.000000
Best time: 0.157
Total time:40.018 


Instance: /HMP/40_15_270004
Method: GRASP
Sol: 35 38 28 21 33 34 15 22 36 8 18 27 10 30 3 0 12 2 7 19 13 24 39 23 5 29 16 9 20 6 32 4 31 1 25 11 26 17 37 14 13 
ofv: 4800.000000
Best time: 0.085
Total time:0.085 


Instance: /HMP/40_15_270005
Method: GRASP
Sol: 10 28 30 11 31 38 15 5 8 9 22 14 27 20 25 32 23 21 1 24 26 2 0 17 37 35 18 39 4 29 34 3 13 7 36 12 16 6 33 19 7 
ofv: 6272.000000
Best time: 0.057
Total time:0.057 


Instance: /HMP/100_25_270001
Method: GRASP
Sol: 65 97 56 1 74 60 6 77 48 71 19 63 66 82 8 98 51 47 28 42 38 54 40 93 21 88 84 50 27 81 52 5 85 26 44 96 33 7 61 95 94 99 9 86 79 72 91 90 31 0 24 58 20 46 45 3 89 55 68 17 83 25 4 75 12 92 23 73 29 49 2 22 32 34 37 67 59 11 15 10 36 16 80 64 35 57 18 69 62 39 78 30 41 87 76 53 14 43 70 13 23 
ofv: 36412.000000
Best time: 32.403
Total time:100.466 


Instance: /HMP/100_25_270002
Method: GRASP
Sol: 79 62 33 92 12 15 55 50 18 19 53 75 82 8 34 17 94 42 54 89 1 21 41 87 14 23 43 67 37 98 26 91 10 77 59 97 40 13 24 32 30 58 72 11 56 45 78 0 39 51 74 31 76 84 64 6 70 66 48 81 83 52 96 44 27 80 46 71 95 5 25 57 69 49 85 38 60 35 68 4 16 7 61 65 28 2 20 88 86 22 47 73 3 29 9 99 90 93 36 63 23 
ofv: 38608.000000
Best time: 11.715
Total time:100.277 


Instance: /HMP/100_25_270003
Method: GRASP
Sol: 37 52 58 12 27 74 8 45 3 86 91 90 72 28 63 22 66 61 11 2 15 35 0 14 43 16 93 59 4 7 71 5 54 32 56 98 65 21 31 95 36 19 25 64 99 47 78 89 84 83 48 81 79 44 38 20 13 26 33 87 39 96 50 75 55 68 82 9 51 24 1 49 73 6 41 88 42 69 76 46 40 57 85 97 23 92 94 53 60 10 29 30 34 70 77 17 18 67 80 62 23 
ofv: 32686.000000
Best time: 31.449
Total time:100.227 


Instance: /HMP/100_25_270004
Method: GRASP
Sol: 50 59 81 44 69 38 22 48 57 71 39 32 27 97 55 77 88 42 78 56 43 84 15 17 60 23 94 1 82 85 63 37 11 13 72 36 20 45 7 6 35 54 30 47 80 65 21 5 93 49 99 24 16 96 52 58 64 26 9 92 87 19 53 41 86 4 25 91 68 98 95 75 33 3 74 8 29 31 0 46 67 89 28 90 14 66 79 73 12 2 83 10 18 61 40 62 76 51 70 34 23 
ofv: 35322.000000
Best time: 15.329
Total time:100.154 


Instance: /HMP/100_25_270005
Method: GRASP
Sol: 21 52 38 72 27 13 54 87 55 42 40 62 35 68 99 77 63 96 65 67 6 50 92 5 33 36 51 89 88 30 9 25 20 46 98 24 79 58 69 64 78 31 26 34 29 93 49 47 57 61 80 10 75 56 0 32 81 90 59 12 43 95 66 45 3 39 60 94 15 84 71 86 53 48 14 70 28 85 18 7 17 73 82 41 37 11 44 97 74 2 76 91 8 16 19 22 1 23 83 4 23 
ofv: 36690.000000
Best time: 9.084
Total time:100.268 


Instance: /HMP/200_50_270001
Method: GRASP
Sol: 194 140 195 36 133 27 72 56 130 193 121 23 155 99 59 102 13 90 162 62 151 18 47 11 136 198 73 100 40 165 158 149 181 49 63 55 120 101 144 104 153 147 135 4 176 132 96 124 173 0 119 80 122 164 85 115 111 145 175 8 123 64 172 91 45 95 21 143 94 77 46 28 103 9 32 81 163 191 126 87 57 61 157 92 184 66 71 142 192 156 52 65 150 44 154 128 141 187 33 29 113 112 190 16 79 3 39 197 127 108 83 110 50 31 117 19 170 106 20 97 178 26 82 34 51 161 60 180 146 68 76 167 131 109 177 70 199 129 196 169 67 15 22 137 10 160 12 78 185 38 105 42 171 139 168 25 86 6 5 93 30 174 179 98 48 69 7 159 114 107 41 24 1 14 138 188 182 134 88 35 53 89 118 148 183 54 186 84 58 125 43 152 75 74 166 189 2 17 37 116 49 
ofv: 215388.000000
Best time: 134.413
Total time:204.814 


Instance: /HMP/200_50_270002
Method: GRASP
Sol: 5 96 110 176 165 24 153 115 36 100 35 174 166 6 196 54 95 78 128 151 85 135 89 102 170 149 37 184 2 111 27 136 138 32 119 120 143 1 127 9 16 61 28 173 14 66 17 91 192 118 108 142 148 107 182 114 46 68 11 112 139 140 122 98 80 57 103 198 129 55 164 180 53 8 104 125 99 121 39 22 190 158 101 33 92 141 82 79 30 76 51 106 134 147 175 117 41 199 13 188 19 168 191 181 156 179 197 124 81 123 7 189 25 193 74 42 26 155 113 109 12 116 144 72 162 58 146 185 47 4 0 126 163 69 195 177 93 194 87 34 83 178 49 160 43 152 45 145 31 84 150 59 137 105 77 40 29 131 133 154 171 187 71 169 167 94 172 88 67 183 18 38 23 97 50 15 64 10 48 56 63 44 90 86 157 70 75 20 3 52 159 21 73 65 132 60 130 186 62 161 48 
ofv: 212798.000000
Best time: 82.381
Total time:203.240 


Instance: /HMP/200_50_270003
Method: GRASP
Sol: 191 45 175 7 21 18 198 193 2 31 93 157 178 103 124 108 39 86 9 126 147 62 43 151 149 10 23 134 115 26 109 176 97 42 16 38 137 145 58 87 89 3 174 129 56 78 123 180 59 44 32 121 84 192 107 122 133 11 19 28 60 69 113 141 182 142 24 189 49 99 177 81 37 1 185 17 95 179 57 188 51 4 52 165 128 50 166 27 167 118 158 183 152 143 104 160 163 171 41 135 139 184 196 150 64 80 36 111 154 71 75 144 8 186 96 29 67 76 12 0 98 132 46 77 63 91 136 153 79 110 127 146 138 73 116 53 155 34 102 190 20 106 114 40 173 35 105 90 85 55 82 159 92 15 130 72 14 54 131 125 181 25 161 162 148 169 112 156 74 117 47 140 120 6 164 170 65 197 30 187 168 66 194 172 88 61 94 199 48 5 13 119 68 22 83 195 100 70 101 33 48 
ofv: 214364.000000
Best time: 99.680
Total time:204.546 


Instance: /HMP/200_50_270004
Method: GRASP
Sol: 146 118 64 117 11 27 78 112 48 184 185 79 41 122 150 91 74 39 5 141 176 19 188 21 181 123 124 2 115 99 98 135 49 166 108 89 86 30 67 147 198 95 28 62 66 159 42 54 26 96 45 171 102 168 24 31 83 158 190 173 63 71 130 1 106 143 138 195 97 160 65 151 179 17 13 152 32 60 116 177 69 126 33 0 7 101 187 43 36 183 170 50 140 191 149 94 82 8 47 90 92 175 153 161 148 4 9 193 25 196 87 197 70 194 84 167 199 157 155 104 172 125 145 120 29 119 20 132 57 88 72 113 114 129 131 169 75 109 100 61 105 3 6 162 133 154 52 55 68 186 156 59 164 22 182 80 58 178 85 76 93 189 81 38 12 73 142 192 110 137 37 18 56 51 16 134 40 10 128 174 53 180 44 111 35 46 23 139 15 127 14 103 163 144 34 136 107 121 77 165 49 
ofv: 206488.000000
Best time: 96.303
Total time:203.432 


Instance: /HMP/200_50_270005
Method: GRASP
Sol: 48 71 147 170 58 179 59 28 18 107 137 153 190 117 199 87 152 140 51 145 168 63 175 70 164 167 47 111 173 80 49 127 148 75 123 194 8 193 22 180 34 138 106 62 95 177 65 26 93 86 109 112 56 119 159 21 154 115 135 118 122 78 158 163 172 157 136 169 52 110 144 130 44 121 20 181 60 101 103 182 132 68 186 29 139 89 64 66 161 197 57 43 114 134 166 38 160 5 88 37 125 146 33 105 4 77 1 150 61 102 76 171 3 82 10 12 15 54 16 188 116 19 191 11 178 195 30 149 187 142 9 104 176 6 183 24 74 196 45 189 7 124 53 55 156 0 85 72 185 100 96 23 36 27 81 131 174 99 120 113 17 46 39 69 198 155 25 126 13 108 67 91 83 73 90 92 129 2 35 97 151 184 162 50 141 98 192 128 14 84 79 94 41 165 31 133 32 40 42 143 47 
ofv: 229940.000000
Best time: 146.399
Total time:202.633 


Instance: /MTSP/Crama/s1n001.txt
Method: GRASP
Sol: 2 8 9 6 3 7 0 1 5 4 
ofv: 7.000000
Best time: 0.005
Total time:0.006 


Instance: /MTSP/Crama/s1n002.txt
Method: GRASP
Sol: 6 4 1 7 2 3 5 9 8 0 
ofv: 12.000000
Best time: 0.002
Total time:0.003 


Instance: /MTSP/Crama/s1n003.txt
Method: GRASP
Sol: 9 2 5 3 7 8 6 4 1 0 
ofv: 10.000000
Best time: 0.002
Total time:0.003 


Instance: /MTSP/Crama/s1n004.txt
Method: GRASP
Sol: 5 0 9 3 6 1 4 8 2 7 
ofv: 9.000000
Best time: 0.002
Total time:0.004 


Instance: /MTSP/Crama/s1n005.txt
Method: GRASP
Sol: 5 1 4 9 2 6 7 0 3 8 
ofv: 8.000000
Best time: 0.002
Total time:0.003 


Instance: /MTSP/Crama/s1n006.txt
Method: GRASP
Sol: 1 5 6 2 9 0 7 3 8 4 
ofv: 9.000000
Best time: 0.002
Total time:0.003 


Instance: /MTSP/Crama/s1n007.txt
Method: GRASP
Sol: 0 8 3 1 4 2 6 9 5 7 
ofv: 8.000000
Best time: 0.002
Total time:0.003 


Instance: /MTSP/Crama/s1n008.txt
Method: GRASP
Sol: 7 4 0 1 6 2 9 5 3 8 
ofv: 11.000000
Best time: 0.005
Total time:0.005 


Instance: /MTSP/Crama/s1n009.txt
Method: GRASP
Sol: 4 6 2 1 0 9 3 5 7 8 
ofv: 8.000000
Best time: 0.002
Total time:0.003 


Instance: /MTSP/Crama/s1n010.txt
Method: GRASP
Sol: 5 8 6 3 2 0 1 4 7 9 
ofv: 9.000000
Best time: 0.002
Total time:0.003 


Instance: /MTSP/Crama/s2n001.txt
Method: GRASP
Sol: 1 7 4 14 2 3 13 8 0 10 12 11 6 5 9 
ofv: 22.000000
Best time: 0.012
Total time:0.013 


Instance: /MTSP/Crama/s2n002.txt
Method: GRASP
Sol: 0 13 7 3 11 1 2 8 9 6 10 12 5 4 14 
ofv: 19.000000
Best time: 0.015
Total time:0.017 


Instance: /MTSP/Crama/s2n003.txt
Method: GRASP
Sol: 4 7 8 2 12 0 11 6 3 13 14 1 9 5 10 
ofv: 22.000000
Best time: 0.168
Total time:0.168 


Instance: /MTSP/Crama/s2n004.txt
Method: GRASP
Sol: 10 5 9 1 14 13 3 2 12 6 11 8 0 7 4 
ofv: 22.000000
Best time: 0.076
Total time:0.076 


Instance: /MTSP/Crama/s2n005.txt
Method: GRASP
Sol: 13 10 0 7 11 4 2 5 9 3 12 14 8 1 6 
ofv: 20.000000
Best time: 0.081
Total time:0.081 


Instance: /MTSP/Crama/s2n006.txt
Method: GRASP
Sol: 10 9 14 2 3 7 11 8 12 13 5 1 6 0 4 
ofv: 24.000000
Best time: 0.016
Total time:0.016 


Instance: /MTSP/Crama/s2n007.txt
Method: GRASP
Sol: 7 5 3 10 13 11 14 6 8 4 9 1 2 0 12 
ofv: 19.000000
Best time: 4.214
Total time:4.214 


Instance: /MTSP/Crama/s2n008.txt
Method: GRASP
Sol: 12 13 11 14 2 3 4 1 6 8 9 7 0 10 5 
ofv: 24.000000
Best time: 0.058
Total time:0.058 


Instance: /MTSP/Crama/s2n009.txt
Method: GRASP
Sol: 11 6 0 1 8 13 14 3 10 9 4 12 7 5 2 
ofv: 16.000000
Best time: 0.020
Total time:0.022 


Instance: /MTSP/Crama/s2n010.txt
Method: GRASP
Sol: 12 7 1 6 4 13 8 14 10 11 3 9 2 5 0 
ofv: 18.000000
Best time: 0.077
Total time:0.077 


Instance: /MTSP/Crama/s3n001.txt
Method: GRASP
Sol: 7 13 22 26 16 5 28 12 15 24 27 11 0 14 3 17 9 18 21 19 6 29 20 4 1 8 2 10 23 25 
ofv: 97.000000
Best time: 8.219
Total time:30.040 


Instance: /MTSP/Crama/s3n002.txt
Method: GRASP
Sol: 20 3 12 17 15 9 11 14 8 24 4 19 5 0 21 7 18 10 13 28 27 16 2 1 22 6 29 25 23 26 
ofv: 89.000000
Best time: 15.477
Total time:30.082 


Instance: /MTSP/Crama/s3n003.txt
Method: GRASP
Sol: 23 19 6 1 27 4 8 5 17 20 16 22 25 13 14 15 26 10 3 28 7 12 21 18 24 0 29 11 2 9 
ofv: 78.000000
Best time: 14.080
Total time:30.086 


Instance: /MTSP/Crama/s3n004.txt
Method: GRASP
Sol: 6 2 21 9 5 16 8 10 18 28 22 19 15 7 13 25 0 12 23 20 27 17 4 11 14 26 1 29 3 24 
ofv: 96.000000
Best time: 8.091
Total time:30.057 


Instance: /MTSP/Crama/s3n005.txt
Method: GRASP
Sol: 16 0 21 9 14 15 8 23 24 4 2 7 26 12 10 6 3 19 29 18 5 17 20 28 1 25 22 11 13 27 
ofv: 100.000000
Best time: 11.883
Total time:30.079 


Instance: /MTSP/Crama/s3n006.txt
Method: GRASP
Sol: 10 23 26 24 5 9 17 12 16 15 2 6 0 28 8 18 21 13 1 4 25 14 7 22 20 27 19 3 11 29 
ofv: 81.000000
Best time: 6.912
Total time:30.055 


Instance: /MTSP/Crama/s3n007.txt
Method: GRASP
Sol: 19 14 17 27 25 0 22 20 29 24 7 12 21 9 11 5 28 16 4 13 15 1 3 6 8 23 26 10 18 2 
ofv: 94.000000
Best time: 9.712
Total time:30.072 


Instance: /MTSP/Crama/s3n008.txt
Method: GRASP
Sol: 21 0 13 4 17 5 10 29 25 3 12 14 20 19 27 24 23 18 7 15 6 2 16 8 11 28 26 1 22 9 
ofv: 114.000000
Best time: 9.034
Total time:30.075 


Instance: /MTSP/Crama/s3n009.txt
Method: GRASP
Sol: 23 28 29 6 15 0 20 26 10 8 2 21 5 24 4 16 27 14 7 3 13 17 18 12 9 1 22 19 25 11 
ofv: 83.000000
Best time: 8.316
Total time:30.041 


Instance: /MTSP/Crama/s3n010.txt
Method: GRASP
Sol: 14 26 10 3 11 12 6 27 15 2 25 17 19 18 20 23 0 21 16 13 5 8 1 7 29 24 4 28 22 9 
ofv: 86.000000
Best time: 8.040
Total time:30.027 


Instance: /MTSP/Crama/s4n001.txt
Method: GRASP
Sol: 2 0 11 19 1 30 31 18 17 3 32 27 6 39 16 21 34 24 36 23 8 26 14 28 37 13 25 38 33 22 12 35 10 15 4 7 29 5 9 20 
ofv: 180.000000
Best time: 12.524
Total time:40.352 


Instance: /MTSP/Crama/s4n002.txt
Method: GRASP
Sol: 18 31 33 17 37 6 32 24 5 26 12 10 8 30 36 7 23 11 28 15 13 21 35 29 1 14 3 20 39 25 27 38 9 34 0 16 2 4 19 22 
ofv: 191.000000
Best time: 28.880
Total time:40.396 


Instance: /MTSP/Crama/s4n003.txt
Method: GRASP
Sol: 26 8 2 21 4 17 6 3 12 14 25 29 24 35 22 38 23 5 18 36 30 10 34 0 1 39 7 28 11 13 37 31 27 15 20 19 33 9 16 32 
ofv: 174.000000
Best time: 15.615
Total time:40.294 


Instance: /MTSP/Crama/s4n004.txt
Method: GRASP
Sol: 25 0 2 16 6 26 4 15 20 27 35 8 33 39 9 34 36 17 1 29 28 7 24 32 31 18 3 21 14 13 37 10 19 12 30 11 22 5 38 23 
ofv: 180.000000
Best time: 23.275
Total time:40.222 


Instance: /MTSP/Crama/s4n005.txt
Method: GRASP
Sol: 35 23 2 9 4 3 31 12 38 30 7 13 21 5 18 20 37 8 36 32 34 15 0 28 25 26 19 6 10 1 27 29 16 39 14 33 22 17 24 11 
ofv: 182.000000
Best time: 12.810
Total time:40.294 


Instance: /MTSP/Crama/s4n006.txt
Method: GRASP
Sol: 0 12 14 15 27 37 21 18 8 13 17 38 31 29 33 24 4 32 2 20 3 19 22 23 7 1 30 35 28 36 6 16 9 11 26 39 10 5 34 25 
ofv: 185.000000
Best time: 17.250
Total time:40.301 


Instance: /MTSP/Crama/s4n007.txt
Method: GRASP
Sol: 2 12 39 9 32 27 20 10 25 17 18 19 24 0 35 26 1 37 7 3 29 8 6 21 11 36 28 4 16 34 31 38 33 5 15 30 14 22 23 13 
ofv: 190.000000
Best time: 18.106
Total time:40.199 


Instance: /MTSP/Crama/s4n008.txt
Method: GRASP
Sol: 31 32 36 28 33 11 21 17 4 0 20 15 10 35 29 37 23 6 26 27 12 14 7 39 25 3 1 18 30 38 8 2 24 34 22 19 13 5 9 16 
ofv: 192.000000
Best time: 20.839
Total time:40.043 


Instance: /MTSP/Crama/s4n009.txt
Method: GRASP
Sol: 30 28 33 18 12 3 27 29 1 25 5 31 0 23 16 2 36 14 22 38 13 7 32 24 35 15 4 11 21 37 26 6 34 39 10 8 20 17 9 19 
ofv: 163.000000
Best time: 19.370
Total time:40.404 


Instance: /MTSP/Crama/s4n010.txt
Method: GRASP
Sol: 34 15 9 28 3 17 24 25 5 21 16 8 30 14 33 4 11 35 36 10 12 13 32 39 27 7 1 22 0 31 26 23 6 37 20 2 29 19 38 18 
ofv: 160.000000
Best time: 23.165
Total time:40.286 
